Dynamical matrix file
Li2CuH6 electron-phonon 4x4x4 q (demiurge RTSC cation-VEC funnel · ambient
  3    9   2  11.3400000   0.0000000   0.0000000   0.0000000   0.0000000   0.0000000
           1  'Li     '    6326.3344914171839     
           2  'Cu     '    57918.635872582679     
           3  'H      '    918.73579705352574     
    1    2      0.0000000000      0.0000000000      0.0000000000
    2    1     -0.2300199988      0.2300199988      0.2300199988
    3    1     -0.7699800012      0.7699800012      0.7699800012
    4    3     -0.1607372712     -0.0369732113      0.1607372712
    5    3     -0.3392627288      0.0369732113      0.3392627288
    6    3      0.0369732113      0.1607372712      0.1607372712
    7    3     -0.0369732113      0.3392627288      0.3392627288
    8    3     -0.1607372712      0.1607372712     -0.0369732113
    9    3     -0.3392627288      0.3392627288      0.0369732113

     Dynamical  Matrix in cartesian axes

     q = (    0.000000000   0.000000000   0.000000000 ) 

    1    1
  0.86329515   0.00000000    -0.22733501   0.00000000    -0.22733501   0.00000000
 -0.22733501   0.00000000     0.86329515   0.00000000     0.22733501   0.00000000
 -0.22733501   0.00000000     0.22733501   0.00000000     0.86329515   0.00000000
    1    2
 -0.01800488   0.00000000     0.01040934   0.00000000     0.01040934   0.00000000
  0.01040934   0.00000000    -0.01800488   0.00000000    -0.01040934   0.00000000
  0.01040934   0.00000000    -0.01040934   0.00000000    -0.01800488   0.00000000
    1    3
 -0.01800488   0.00000000     0.01040934   0.00000000     0.01040934   0.00000000
  0.01040934   0.00000000    -0.01800488   0.00000000    -0.01040934   0.00000000
  0.01040934   0.00000000    -0.01040934   0.00000000    -0.01800488   0.00000000
    1    4
 -0.20209962   0.00000000    -0.05228950   0.00000000     0.21384317   0.00000000
 -0.05780356   0.00000000    -0.00844409   0.00000000     0.05780356   0.00000000
  0.21384317   0.00000000     0.05228950   0.00000000    -0.20209962   0.00000000
    1    5
 -0.20209962   0.00000000    -0.05228950   0.00000000     0.21384317   0.00000000
 -0.05780356   0.00000000    -0.00844409   0.00000000     0.05780356   0.00000000
  0.21384317   0.00000000     0.05228950   0.00000000    -0.20209962   0.00000000
    1    6
 -0.00844409   0.00000000    -0.05780356   0.00000000    -0.05780356   0.00000000
 -0.05228950   0.00000000    -0.20209962   0.00000000    -0.21384317   0.00000000
 -0.05228950   0.00000000    -0.21384317   0.00000000    -0.20209962   0.00000000
    1    7
 -0.00844409   0.00000000    -0.05780356   0.00000000    -0.05780356   0.00000000
 -0.05228950   0.00000000    -0.20209962   0.00000000    -0.21384317   0.00000000
 -0.05228950   0.00000000    -0.21384317   0.00000000    -0.20209962   0.00000000
    1    8
 -0.20209962   0.00000000     0.21384317   0.00000000    -0.05228950   0.00000000
  0.21384317   0.00000000    -0.20209962   0.00000000     0.05228950   0.00000000
 -0.05780356   0.00000000     0.05780356   0.00000000    -0.00844409   0.00000000
    1    9
 -0.20209962   0.00000000     0.21384317   0.00000000    -0.05228950   0.00000000
  0.21384317   0.00000000    -0.20209962   0.00000000     0.05228950   0.00000000
 -0.05780356   0.00000000     0.05780356   0.00000000    -0.00844409   0.00000000
    2    1
 -0.01800488   0.00000000     0.01040934   0.00000000     0.01040934   0.00000000
  0.01040934   0.00000000    -0.01800488   0.00000000    -0.01040934   0.00000000
  0.01040934   0.00000000    -0.01040934   0.00000000    -0.01800488   0.00000000
    2    2
  0.17239526   0.00000000     0.05086244   0.00000000     0.05086244   0.00000000
  0.05086244   0.00000000     0.17239526   0.00000000    -0.05086244   0.00000000
  0.05086244   0.00000000    -0.05086244   0.00000000     0.17239526   0.00000000
    2    3
 -0.00694095   0.00000000    -0.00090884   0.00000000    -0.00090884   0.00000000
 -0.00090884   0.00000000    -0.00694095   0.00000000     0.00090884   0.00000000
 -0.00090884   0.00000000     0.00090884   0.00000000    -0.00694095   0.00000000
    2    4
  0.00136048   0.00000000     0.00614727   0.00000000     0.00156616   0.00000000
  0.00822401   0.00000000    -0.03689978   0.00000000    -0.00822401   0.00000000
  0.00156616   0.00000000    -0.00614727   0.00000000     0.00136048   0.00000000
    2    5
 -0.01826929   0.00000000    -0.05399987   0.00000000     0.03094656   0.00000000
 -0.05325927   0.00000000    -0.07686769   0.00000000     0.05325927   0.00000000
  0.03094656   0.00000000     0.05399987   0.00000000    -0.01826929   0.00000000
    2    6
 -0.03689978   0.00000000     0.00822401   0.00000000     0.00822401   0.00000000
  0.00614727   0.00000000     0.00136048   0.00000000    -0.00156616   0.00000000
  0.00614727   0.00000000    -0.00156616   0.00000000     0.00136048   0.00000000
    2    7
 -0.07686769   0.00000000    -0.05325927   0.00000000    -0.05325927   0.00000000
 -0.05399987   0.00000000    -0.01826929   0.00000000    -0.03094656   0.00000000
 -0.05399987   0.00000000    -0.03094656   0.00000000    -0.01826929   0.00000000
    2    8
  0.00136048   0.00000000     0.00156616   0.00000000     0.00614727   0.00000000
  0.00156616   0.00000000     0.00136048   0.00000000    -0.00614727   0.00000000
  0.00822401   0.00000000    -0.00822401   0.00000000    -0.03689978   0.00000000
    2    9
 -0.01826929   0.00000000     0.03094656   0.00000000    -0.05399987   0.00000000
  0.03094656   0.00000000    -0.01826929   0.00000000     0.05399987   0.00000000
 -0.05325927   0.00000000     0.05325927   0.00000000    -0.07686769   0.00000000
    3    1
 -0.01800488   0.00000000     0.01040934   0.00000000     0.01040934   0.00000000
  0.01040934   0.00000000    -0.01800488   0.00000000    -0.01040934   0.00000000
  0.01040934   0.00000000    -0.01040934   0.00000000    -0.01800488   0.00000000
    3    2
 -0.00694095   0.00000000    -0.00090884   0.00000000    -0.00090884   0.00000000
 -0.00090884   0.00000000    -0.00694095   0.00000000     0.00090884   0.00000000
 -0.00090884   0.00000000     0.00090884   0.00000000    -0.00694095   0.00000000
    3    3
  0.17239526   0.00000000     0.05086244   0.00000000     0.05086244   0.00000000
  0.05086244   0.00000000     0.17239526   0.00000000    -0.05086244   0.00000000
  0.05086244   0.00000000    -0.05086244   0.00000000     0.17239526   0.00000000
    3    4
 -0.01826929   0.00000000    -0.05399987   0.00000000     0.03094656   0.00000000
 -0.05325927   0.00000000    -0.07686769   0.00000000     0.05325927   0.00000000
  0.03094656   0.00000000     0.05399987   0.00000000    -0.01826929   0.00000000
    3    5
  0.00136048   0.00000000     0.00614727   0.00000000     0.00156616   0.00000000
  0.00822401   0.00000000    -0.03689978   0.00000000    -0.00822401   0.00000000
  0.00156616   0.00000000    -0.00614727   0.00000000     0.00136048   0.00000000
    3    6
 -0.07686769   0.00000000    -0.05325927   0.00000000    -0.05325927   0.00000000
 -0.05399987   0.00000000    -0.01826929   0.00000000    -0.03094656   0.00000000
 -0.05399987   0.00000000    -0.03094656   0.00000000    -0.01826929   0.00000000
    3    7
 -0.03689978   0.00000000     0.00822401   0.00000000     0.00822401   0.00000000
  0.00614727   0.00000000     0.00136048   0.00000000    -0.00156616   0.00000000
  0.00614727   0.00000000    -0.00156616   0.00000000     0.00136048   0.00000000
    3    8
 -0.01826929   0.00000000     0.03094656   0.00000000    -0.05399987   0.00000000
  0.03094656   0.00000000    -0.01826929   0.00000000     0.05399987   0.00000000
 -0.05325927   0.00000000     0.05325927   0.00000000    -0.07686769   0.00000000
    3    9
  0.00136048   0.00000000     0.00156616   0.00000000     0.00614727   0.00000000
  0.00156616   0.00000000     0.00136048   0.00000000    -0.00614727   0.00000000
  0.00822401   0.00000000    -0.00822401   0.00000000    -0.03689978   0.00000000
    4    1
 -0.20209962   0.00000000    -0.05780356   0.00000000     0.21384317   0.00000000
 -0.05228950   0.00000000    -0.00844409   0.00000000     0.05228950   0.00000000
  0.21384317   0.00000000     0.05780356   0.00000000    -0.20209962   0.00000000
    4    2
  0.00136048   0.00000000     0.00822401   0.00000000     0.00156616   0.00000000
  0.00614727   0.00000000    -0.03689978   0.00000000    -0.00614727   0.00000000
  0.00156616   0.00000000    -0.00822401   0.00000000     0.00136048   0.00000000
    4    3
 -0.01826929   0.00000000    -0.05325927   0.00000000     0.03094656   0.00000000
 -0.05399987   0.00000000    -0.07686769   0.00000000     0.05399987   0.00000000
  0.03094656   0.00000000     0.05325927   0.00000000    -0.01826929   0.00000000
    4    4
  0.20565489   0.00000000     0.11278567   0.00000000    -0.24274561   0.00000000
  0.11278567   0.00000000     0.13036294   0.00000000    -0.11278567   0.00000000
 -0.24274561   0.00000000    -0.11278567   0.00000000     0.20565489   0.00000000
    4    5
  0.00635116   0.00000000    -0.01017262   0.00000000    -0.01180725   0.00000000
 -0.01017262   0.00000000    -0.00498382   0.00000000     0.01017262   0.00000000
 -0.01180725   0.00000000     0.01017262   0.00000000     0.00635116   0.00000000
    4    6
 -0.00566893   0.00000000    -0.01218191   0.00000000    -0.00328212   0.00000000
 -0.01122899   0.00000000    -0.00566893   0.00000000     0.00211023   0.00000000
 -0.00211023   0.00000000     0.00328212   0.00000000     0.02337916   0.00000000
    4    7
  0.00416496   0.00000000     0.00657194   0.00000000     0.00912736   0.00000000
  0.00676644   0.00000000     0.00416496   0.00000000    -0.00414115   0.00000000
  0.00414115   0.00000000    -0.00912736   0.00000000    -0.01510754   0.00000000
    4    8
  0.02337916   0.00000000    -0.00328212   0.00000000    -0.00211023   0.00000000
 -0.00211023   0.00000000    -0.00566893   0.00000000     0.01122899   0.00000000
 -0.00328212   0.00000000     0.01218191   0.00000000    -0.00566893   0.00000000
    4    9
 -0.01510754   0.00000000     0.00912736   0.00000000     0.00414115   0.00000000
  0.00414115   0.00000000     0.00416496   0.00000000    -0.00676644   0.00000000
  0.00912736   0.00000000    -0.00657194   0.00000000     0.00416496   0.00000000
    5    1
 -0.20209962   0.00000000    -0.05780356   0.00000000     0.21384317   0.00000000
 -0.05228950   0.00000000    -0.00844409   0.00000000     0.05228950   0.00000000
  0.21384317   0.00000000     0.05780356   0.00000000    -0.20209962   0.00000000
    5    2
 -0.01826929   0.00000000    -0.05325927   0.00000000     0.03094656   0.00000000
 -0.05399987   0.00000000    -0.07686769   0.00000000     0.05399987   0.00000000
  0.03094656   0.00000000     0.05325927   0.00000000    -0.01826929   0.00000000
    5    3
  0.00136048   0.00000000     0.00822401   0.00000000     0.00156616   0.00000000
  0.00614727   0.00000000    -0.03689978   0.00000000    -0.00614727   0.00000000
  0.00156616   0.00000000    -0.00822401   0.00000000     0.00136048   0.00000000
    5    4
  0.00635116   0.00000000    -0.01017262   0.00000000    -0.01180725   0.00000000
 -0.01017262   0.00000000    -0.00498382   0.00000000     0.01017262   0.00000000
 -0.01180725   0.00000000     0.01017262   0.00000000     0.00635116   0.00000000
    5    5
  0.20565489   0.00000000     0.11278567   0.00000000    -0.24274561   0.00000000
  0.11278567   0.00000000     0.13036294   0.00000000    -0.11278567   0.00000000
 -0.24274561   0.00000000    -0.11278567   0.00000000     0.20565489   0.00000000
    5    6
  0.00416496   0.00000000     0.00657194   0.00000000     0.00912736   0.00000000
  0.00676644   0.00000000     0.00416496   0.00000000    -0.00414115   0.00000000
  0.00414115   0.00000000    -0.00912736   0.00000000    -0.01510754   0.00000000
    5    7
 -0.00566893   0.00000000    -0.01218191   0.00000000    -0.00328212   0.00000000
 -0.01122899   0.00000000    -0.00566893   0.00000000     0.00211023   0.00000000
 -0.00211023   0.00000000     0.00328212   0.00000000     0.02337916   0.00000000
    5    8
 -0.01510754   0.00000000     0.00912736   0.00000000     0.00414115   0.00000000
  0.00414115   0.00000000     0.00416496   0.00000000    -0.00676644   0.00000000
  0.00912736   0.00000000    -0.00657194   0.00000000     0.00416496   0.00000000
    5    9
  0.02337916   0.00000000    -0.00328212   0.00000000    -0.00211023   0.00000000
 -0.00211023   0.00000000    -0.00566893   0.00000000     0.01122899   0.00000000
 -0.00328212   0.00000000     0.01218191   0.00000000    -0.00566893   0.00000000
    6    1
 -0.00844409   0.00000000    -0.05228950   0.00000000    -0.05228950   0.00000000
 -0.05780356   0.00000000    -0.20209962   0.00000000    -0.21384317   0.00000000
 -0.05780356   0.00000000    -0.21384317   0.00000000    -0.20209962   0.00000000
    6    2
 -0.03689978   0.00000000     0.00614727   0.00000000     0.00614727   0.00000000
  0.00822401   0.00000000     0.00136048   0.00000000    -0.00156616   0.00000000
  0.00822401   0.00000000    -0.00156616   0.00000000     0.00136048   0.00000000
    6    3
 -0.07686769   0.00000000    -0.05399987   0.00000000    -0.05399987   0.00000000
 -0.05325927   0.00000000    -0.01826929   0.00000000    -0.03094656   0.00000000
 -0.05325927   0.00000000    -0.03094656   0.00000000    -0.01826929   0.00000000
    6    4
 -0.00566893   0.00000000    -0.01122899   0.00000000    -0.00211023   0.00000000
 -0.01218191   0.00000000    -0.00566893   0.00000000     0.00328212   0.00000000
 -0.00328212   0.00000000     0.00211023   0.00000000     0.02337916   0.00000000
    6    5
  0.00416496   0.00000000     0.00676644   0.00000000     0.00414115   0.00000000
  0.00657194   0.00000000     0.00416496   0.00000000    -0.00912736   0.00000000
  0.00912736   0.00000000    -0.00414115   0.00000000    -0.01510754   0.00000000
    6    6
  0.13036294   0.00000000     0.11278567   0.00000000     0.11278567   0.00000000
  0.11278567   0.00000000     0.20565489   0.00000000     0.24274561   0.00000000
  0.11278567   0.00000000     0.24274561   0.00000000     0.20565489   0.00000000
    6    7
 -0.00498382   0.00000000    -0.01017262   0.00000000    -0.01017262   0.00000000
 -0.01017262   0.00000000     0.00635116   0.00000000     0.01180725   0.00000000
 -0.01017262   0.00000000     0.01180725   0.00000000     0.00635116   0.00000000
    6    8
 -0.00566893   0.00000000    -0.00211023   0.00000000    -0.01122899   0.00000000
 -0.00328212   0.00000000     0.02337916   0.00000000     0.00211023   0.00000000
 -0.01218191   0.00000000     0.00328212   0.00000000    -0.00566893   0.00000000
    6    9
  0.00416496   0.00000000     0.00414115   0.00000000     0.00676644   0.00000000
  0.00912736   0.00000000    -0.01510754   0.00000000    -0.00414115   0.00000000
  0.00657194   0.00000000    -0.00912736   0.00000000     0.00416496   0.00000000
    7    1
 -0.00844409   0.00000000    -0.05228950   0.00000000    -0.05228950   0.00000000
 -0.05780356   0.00000000    -0.20209962   0.00000000    -0.21384317   0.00000000
 -0.05780356   0.00000000    -0.21384317   0.00000000    -0.20209962   0.00000000
    7    2
 -0.07686769   0.00000000    -0.05399987   0.00000000    -0.05399987   0.00000000
 -0.05325927   0.00000000    -0.01826929   0.00000000    -0.03094656   0.00000000
 -0.05325927   0.00000000    -0.03094656   0.00000000    -0.01826929   0.00000000
    7    3
 -0.03689978   0.00000000     0.00614727   0.00000000     0.00614727   0.00000000
  0.00822401   0.00000000     0.00136048   0.00000000    -0.00156616   0.00000000
  0.00822401   0.00000000    -0.00156616   0.00000000     0.00136048   0.00000000
    7    4
  0.00416496   0.00000000     0.00676644   0.00000000     0.00414115   0.00000000
  0.00657194   0.00000000     0.00416496   0.00000000    -0.00912736   0.00000000
  0.00912736   0.00000000    -0.00414115   0.00000000    -0.01510754   0.00000000
    7    5
 -0.00566893   0.00000000    -0.01122899   0.00000000    -0.00211023   0.00000000
 -0.01218191   0.00000000    -0.00566893   0.00000000     0.00328212   0.00000000
 -0.00328212   0.00000000     0.00211023   0.00000000     0.02337916   0.00000000
    7    6
 -0.00498382   0.00000000    -0.01017262   0.00000000    -0.01017262   0.00000000
 -0.01017262   0.00000000     0.00635116   0.00000000     0.01180725   0.00000000
 -0.01017262   0.00000000     0.01180725   0.00000000     0.00635116   0.00000000
    7    7
  0.13036294   0.00000000     0.11278567   0.00000000     0.11278567   0.00000000
  0.11278567   0.00000000     0.20565489   0.00000000     0.24274561   0.00000000
  0.11278567   0.00000000     0.24274561   0.00000000     0.20565489   0.00000000
    7    8
  0.00416496   0.00000000     0.00414115   0.00000000     0.00676644   0.00000000
  0.00912736   0.00000000    -0.01510754   0.00000000    -0.00414115   0.00000000
  0.00657194   0.00000000    -0.00912736   0.00000000     0.00416496   0.00000000
    7    9
 -0.00566893   0.00000000    -0.00211023   0.00000000    -0.01122899   0.00000000
 -0.00328212   0.00000000     0.02337916   0.00000000     0.00211023   0.00000000
 -0.01218191   0.00000000     0.00328212   0.00000000    -0.00566893   0.00000000
    8    1
 -0.20209962   0.00000000     0.21384317   0.00000000    -0.05780356   0.00000000
  0.21384317   0.00000000    -0.20209962   0.00000000     0.05780356   0.00000000
 -0.05228950   0.00000000     0.05228950   0.00000000    -0.00844409   0.00000000
    8    2
  0.00136048   0.00000000     0.00156616   0.00000000     0.00822401   0.00000000
  0.00156616   0.00000000     0.00136048   0.00000000    -0.00822401   0.00000000
  0.00614727   0.00000000    -0.00614727   0.00000000    -0.03689978   0.00000000
    8    3
 -0.01826929   0.00000000     0.03094656   0.00000000    -0.05325927   0.00000000
  0.03094656   0.00000000    -0.01826929   0.00000000     0.05325927   0.00000000
 -0.05399987   0.00000000     0.05399987   0.00000000    -0.07686769   0.00000000
    8    4
  0.02337916   0.00000000    -0.00211023   0.00000000    -0.00328212   0.00000000
 -0.00328212   0.00000000    -0.00566893   0.00000000     0.01218191   0.00000000
 -0.00211023   0.00000000     0.01122899   0.00000000    -0.00566893   0.00000000
    8    5
 -0.01510754   0.00000000     0.00414115   0.00000000     0.00912736   0.00000000
  0.00912736   0.00000000     0.00416496   0.00000000    -0.00657194   0.00000000
  0.00414115   0.00000000    -0.00676644   0.00000000     0.00416496   0.00000000
    8    6
 -0.00566893   0.00000000    -0.00328212   0.00000000    -0.01218191   0.00000000
 -0.00211023   0.00000000     0.02337916   0.00000000     0.00328212   0.00000000
 -0.01122899   0.00000000     0.00211023   0.00000000    -0.00566893   0.00000000
    8    7
  0.00416496   0.00000000     0.00912736   0.00000000     0.00657194   0.00000000
  0.00414115   0.00000000    -0.01510754   0.00000000    -0.00912736   0.00000000
  0.00676644   0.00000000    -0.00414115   0.00000000     0.00416496   0.00000000
    8    8
  0.20565489   0.00000000    -0.24274561   0.00000000     0.11278567   0.00000000
 -0.24274561   0.00000000     0.20565489   0.00000000    -0.11278567   0.00000000
  0.11278567   0.00000000    -0.11278567   0.00000000     0.13036294   0.00000000
    8    9
  0.00635116   0.00000000    -0.01180725   0.00000000    -0.01017262   0.00000000
 -0.01180725   0.00000000     0.00635116   0.00000000     0.01017262   0.00000000
 -0.01017262   0.00000000     0.01017262   0.00000000    -0.00498382   0.00000000
    9    1
 -0.20209962   0.00000000     0.21384317   0.00000000    -0.05780356   0.00000000
  0.21384317   0.00000000    -0.20209962   0.00000000     0.05780356   0.00000000
 -0.05228950   0.00000000     0.05228950   0.00000000    -0.00844409   0.00000000
    9    2
 -0.01826929   0.00000000     0.03094656   0.00000000    -0.05325927   0.00000000
  0.03094656   0.00000000    -0.01826929   0.00000000     0.05325927   0.00000000
 -0.05399987   0.00000000     0.05399987   0.00000000    -0.07686769   0.00000000
    9    3
  0.00136048   0.00000000     0.00156616   0.00000000     0.00822401   0.00000000
  0.00156616   0.00000000     0.00136048   0.00000000    -0.00822401   0.00000000
  0.00614727   0.00000000    -0.00614727   0.00000000    -0.03689978   0.00000000
    9    4
 -0.01510754   0.00000000     0.00414115   0.00000000     0.00912736   0.00000000
  0.00912736   0.00000000     0.00416496   0.00000000    -0.00657194   0.00000000
  0.00414115   0.00000000    -0.00676644   0.00000000     0.00416496   0.00000000
    9    5
  0.02337916   0.00000000    -0.00211023   0.00000000    -0.00328212   0.00000000
 -0.00328212   0.00000000    -0.00566893   0.00000000     0.01218191   0.00000000
 -0.00211023   0.00000000     0.01122899   0.00000000    -0.00566893   0.00000000
    9    6
  0.00416496   0.00000000     0.00912736   0.00000000     0.00657194   0.00000000
  0.00414115   0.00000000    -0.01510754   0.00000000    -0.00912736   0.00000000
  0.00676644   0.00000000    -0.00414115   0.00000000     0.00416496   0.00000000
    9    7
 -0.00566893   0.00000000    -0.00328212   0.00000000    -0.01218191   0.00000000
 -0.00211023   0.00000000     0.02337916   0.00000000     0.00328212   0.00000000
 -0.01122899   0.00000000     0.00211023   0.00000000    -0.00566893   0.00000000
    9    8
  0.00635116   0.00000000    -0.01180725   0.00000000    -0.01017262   0.00000000
 -0.01180725   0.00000000     0.00635116   0.00000000     0.01017262   0.00000000
 -0.01017262   0.00000000     0.01017262   0.00000000    -0.00498382   0.00000000
    9    9
  0.20565489   0.00000000    -0.24274561   0.00000000     0.11278567   0.00000000
 -0.24274561   0.00000000     0.20565489   0.00000000    -0.11278567   0.00000000
  0.11278567   0.00000000    -0.11278567   0.00000000     0.13036294   0.00000000

     Diagonalizing the dynamical matrix

     q = (    0.000000000   0.000000000   0.000000000 ) 

 **************************************************************************
     freq (    1) =     -28.327841 [THz] =    -944.915059 [cm-1]
 (  0.000000  0.000000 -0.000000  0.000000  0.000000  0.000000 ) 
 ( -0.000000  0.000000  0.000000  0.000000 -0.000000  0.000000 ) 
 ( -0.000000  0.000000  0.000000  0.000000  0.000000  0.000000 ) 
 ( -0.288675  0.000000 -0.000000  0.000000 -0.288675  0.000000 ) 
 ( -0.288675  0.000000 -0.000000  0.000000 -0.288675  0.000000 ) 
 ( -0.000000  0.000000 -0.288675  0.000000  0.288675  0.000000 ) 
 ( -0.000000  0.000000 -0.288675  0.000000  0.288675  0.000000 ) 
 (  0.288675  0.000000  0.288675  0.000000 -0.000000  0.000000 ) 
 (  0.288675  0.000000  0.288675  0.000000  0.000000  0.000000 ) 
     freq (    2) =     -27.470107 [THz] =    -916.304136 [cm-1]
 ( -0.000000  0.000000  0.000000  0.000000  0.000000  0.000000 ) 
 (  0.000000  0.000000  0.000000  0.000000 -0.000000  0.000000 ) 
 (  0.000000  0.000000 -0.000000  0.000000 -0.000000  0.000000 ) 
 (  0.288675  0.000000  0.000000  0.000000  0.288675  0.000000 ) 
 ( -0.288675  0.000000  0.000000  0.000000 -0.288675  0.000000 ) 
 (  0.000000  0.000000  0.288675  0.000000 -0.288675  0.000000 ) 
 ( -0.000000  0.000000 -0.288675  0.000000  0.288675  0.000000 ) 
 ( -0.288675  0.000000 -0.288675  0.000000  0.000000  0.000000 ) 
 (  0.288675  0.000000  0.288675  0.000000  0.000000  0.000000 ) 
     freq (    3) =     -19.294403 [THz] =    -643.592012 [cm-1]
 ( -0.005195  0.000000  0.005122  0.000000 -0.010317  0.000000 ) 
 ( -0.022735  0.000000  0.022417  0.000000 -0.045152  0.000000 ) 
 ( -0.022735  0.000000  0.022417  0.000000 -0.045152  0.000000 ) 
 (  0.353772  0.000000  0.024578  0.000000  0.350110  0.000000 ) 
 (  0.353772  0.000000  0.024578  0.000000  0.350110  0.000000 ) 
 ( -0.024925  0.000000 -0.352153  0.000000  0.348439  0.000000 ) 
 ( -0.024925  0.000000 -0.352153  0.000000  0.348439  0.000000 ) 
 ( -0.002044  0.000000  0.005333  0.000000 -0.049503  0.000000 ) 
 ( -0.002044  0.000000  0.005333  0.000000 -0.049503  0.000000 ) 
     freq (    4) =     -19.294403 [THz] =    -643.592012 [cm-1]
 (  0.008914  0.000000  0.008955  0.000000 -0.000042  0.000000 ) 
 (  0.039011  0.000000  0.039194  0.000000 -0.000183  0.000000 ) 
 (  0.039011  0.000000  0.039194  0.000000 -0.000183  0.000000 ) 
 ( -0.198092  0.000000  0.042971  0.000000 -0.204496  0.000000 ) 
 ( -0.198092  0.000000  0.042971  0.000000 -0.204496  0.000000 ) 
 (  0.042770  0.000000 -0.200956  0.000000  0.207330  0.000000 ) 
 (  0.042770  0.000000 -0.200956  0.000000  0.207330  0.000000 ) 
 ( -0.405452  0.000000 -0.405422  0.000000 -0.000201  0.000000 ) 
 ( -0.405452  0.000000 -0.405422  0.000000 -0.000201  0.000000 ) 
     freq (    5) =     -17.497466 [THz] =    -583.652652 [cm-1]
 (  0.000000  0.000000  0.000000 -0.000000 -0.000000  0.000000 ) 
 (  0.002264 -0.000000  0.001113  0.000000  0.001151 -0.000000 ) 
 ( -0.002264  0.000000 -0.001113  0.000000 -0.001151  0.000000 ) 
 ( -0.292224  0.000000 -0.097187  0.000000 -0.363722  0.000000 ) 
 (  0.292224 -0.000000  0.097187  0.000000  0.363722 -0.000000 ) 
 ( -0.197746  0.000000  0.076445  0.000000  0.069031  0.000000 ) 
 (  0.197746 -0.000000 -0.076445  0.000000 -0.069031  0.000000 ) 
 ( -0.287277  0.000000 -0.361255  0.000000 -0.100559  0.000000 ) 
 (  0.287277  0.000000  0.361255 -0.000000  0.100559 -0.000000 ) 
     freq (    6) =     -17.497466 [THz] =    -583.652652 [cm-1]
 ( -0.000000  0.000000 -0.000000  0.000000  0.000000 -0.000000 ) 
 ( -0.000022  0.000000 -0.001972  0.000000  0.001949  0.000000 ) 
 (  0.000022  0.000000  0.001972 -0.000000 -0.001949  0.000000 ) 
 ( -0.248426  0.000000  0.172226 -0.000000 -0.121724  0.000000 ) 
 (  0.248426  0.000000 -0.172226  0.000000  0.121724  0.000000 ) 
 (  0.001946  0.000000  0.375855 -0.000000 -0.377287  0.000000 ) 
 ( -0.001946  0.000000 -0.375855  0.000000  0.377287 -0.000000 ) 
 (  0.254130 -0.000000  0.128860  0.000000 -0.170280  0.000000 ) 
 ( -0.254130  0.000000 -0.128860  0.000000  0.170280  0.000000 ) 
     freq (    7) =      -4.809633 [THz] =    -160.432077 [cm-1]
 (  0.064452 -0.000000  0.057257  0.000000  0.007195 -0.000000 ) 
 ( -0.234093  0.000000 -0.207960  0.000000 -0.026133  0.000000 ) 
 ( -0.234093  0.000000 -0.207960  0.000000 -0.026133  0.000000 ) 
 (  0.027303  0.000000 -0.383631  0.000000 -0.142065  0.000000 ) 
 (  0.027303  0.000000 -0.383631  0.000000 -0.142065  0.000000 ) 
 ( -0.431839  0.000000  0.055232 -0.000000  0.135419  0.000000 ) 
 ( -0.431839  0.000000  0.055232 -0.000000  0.135419  0.000000 ) 
 ( -0.086833  0.000000 -0.108117  0.000000 -0.048208  0.000000 ) 
 ( -0.086833  0.000000 -0.108117  0.000000 -0.048208  0.000000 ) 
     freq (    8) =      -4.809633 [THz] =    -160.432077 [cm-1]
 (  0.028903  0.000000 -0.041365  0.000000  0.070268  0.000000 ) 
 ( -0.104978  0.000000  0.150242 -0.000000 -0.255220  0.000000 ) 
 ( -0.104978  0.000000  0.150242 -0.000000 -0.255220  0.000000 ) 
 ( -0.140606  0.000000  0.277155 -0.000000 -0.018245  0.000000 ) 
 ( -0.140606  0.000000  0.277155 -0.000000 -0.018245  0.000000 ) 
 ( -0.193656  0.000000  0.132155  0.000000 -0.046658  0.000000 ) 
 ( -0.193656  0.000000  0.132155  0.000000 -0.046658  0.000000 ) 
 (  0.113909 -0.000000 -0.093948  0.000000 -0.470812  0.000000 ) 
 (  0.113909 -0.000000 -0.093948  0.000000 -0.470812  0.000000 ) 
     freq (    9) =       0.198166 [THz] =       6.610112 [cm-1]
 (  0.192441  0.000000 -0.192441  0.000000 -0.192441  0.000000 ) 
 (  0.192780  0.000000 -0.192780  0.000000 -0.192780  0.000000 ) 
 (  0.192780  0.000000 -0.192780  0.000000 -0.192780  0.000000 ) 
 (  0.192376  0.000000 -0.192273  0.000000 -0.192376  0.000000 ) 
 (  0.192376  0.000000 -0.192273  0.000000 -0.192376  0.000000 ) 
 (  0.192273  0.000000 -0.192376  0.000000 -0.192376  0.000000 ) 
 (  0.192273  0.000000 -0.192376  0.000000 -0.192376  0.000000 ) 
 (  0.192376  0.000000 -0.192376  0.000000 -0.192273  0.000000 ) 
 (  0.192376  0.000000 -0.192376  0.000000 -0.192273  0.000000 ) 
     freq (   10) =       0.474165 [THz] =      15.816428 [cm-1]
 ( -0.256889  0.000000 -0.224044  0.000000 -0.032845  0.000000 ) 
 ( -0.249848  0.000000 -0.217903  0.000000 -0.031945  0.000000 ) 
 ( -0.249848  0.000000 -0.217903  0.000000 -0.031945  0.000000 ) 
 ( -0.253432  0.000000 -0.213117  0.000000 -0.026469  0.000000 ) 
 ( -0.253432  0.000000 -0.213117  0.000000 -0.026469  0.000000 ) 
 ( -0.244360  0.000000 -0.222473  0.000000 -0.037763  0.000000 ) 
 ( -0.244360  0.000000 -0.222473  0.000000 -0.037763  0.000000 ) 
 ( -0.248942  0.000000 -0.215669  0.000000 -0.031243  0.000000 ) 
 ( -0.248942  0.000000 -0.215669  0.000000 -0.031243  0.000000 ) 
     freq (   11) =       0.474165 [THz] =      15.816428 [cm-1]
 (  0.110389  0.000000 -0.167278  0.000000  0.277667  0.000000 ) 
 (  0.107363  0.000000 -0.162693  0.000000  0.270056  0.000000 ) 
 (  0.107363  0.000000 -0.162693  0.000000  0.270056  0.000000 ) 
 (  0.102714  0.000000 -0.159120  0.000000  0.272171  0.000000 ) 
 (  0.102714  0.000000 -0.159120  0.000000  0.272171  0.000000 ) 
 (  0.105005  0.000000 -0.159009  0.000000  0.270835  0.000000 ) 
 (  0.105005  0.000000 -0.159009  0.000000  0.270835  0.000000 ) 
 (  0.113162  0.000000 -0.168122  0.000000  0.264124  0.000000 ) 
 (  0.113162  0.000000 -0.168122  0.000000  0.264124  0.000000 ) 
     freq (   12) =       3.157571 [THz] =     105.325236 [cm-1]
 ( -0.000000  0.000000  0.000000  0.000000 -0.000000  0.000000 ) 
 (  0.309297  0.000000 -0.309297  0.000000 -0.309297  0.000000 ) 
 ( -0.309297  0.000000  0.309297  0.000000  0.309297  0.000000 ) 
 (  0.068903  0.000000 -0.248005  0.000000 -0.068903  0.000000 ) 
 ( -0.068903  0.000000  0.248005  0.000000  0.068903  0.000000 ) 
 (  0.248005  0.000000 -0.068903  0.000000 -0.068903  0.000000 ) 
 ( -0.248005  0.000000  0.068903  0.000000  0.068903  0.000000 ) 
 (  0.068903  0.000000 -0.068903  0.000000 -0.248005  0.000000 ) 
 ( -0.068903  0.000000  0.068903  0.000000  0.248005  0.000000 ) 
     freq (   13) =      11.231359 [THz] =     374.637809 [cm-1]
 ( -0.083882  0.000000  0.083882  0.000000  0.083882  0.000000 ) 
 (  0.395279  0.000000 -0.395279  0.000000 -0.395279  0.000000 ) 
 (  0.395279  0.000000 -0.395279  0.000000 -0.395279  0.000000 ) 
 ( -0.055312  0.000000 -0.028004  0.000000  0.055312  0.000000 ) 
 ( -0.055312  0.000000 -0.028004  0.000000  0.055312  0.000000 ) 
 (  0.028004  0.000000  0.055312  0.000000  0.055312  0.000000 ) 
 (  0.028004  0.000000  0.055312  0.000000  0.055312  0.000000 ) 
 ( -0.055312  0.000000  0.055312  0.000000 -0.028004  0.000000 ) 
 ( -0.055312  0.000000  0.055312  0.000000 -0.028004  0.000000 ) 
     freq (   14) =      14.420692 [THz] =     481.022496 [cm-1]
 (  0.000000  0.000000 -0.000000  0.000000 -0.000000  0.000000 ) 
 (  0.135184  0.000000 -0.184302  0.000000  0.319485  0.000000 ) 
 ( -0.135184  0.000000  0.184302 -0.000000 -0.319485  0.000000 ) 
 (  0.073164  0.000000  0.249145 -0.000000  0.143362  0.000000 ) 
 ( -0.073164  0.000000 -0.249145  0.000000 -0.143362  0.000000 ) 
 ( -0.182746  0.000000 -0.094213  0.000000  0.145703 -0.000000 ) 
 (  0.182746  0.000000  0.094213 -0.000000 -0.145703  0.000000 ) 
 (  0.049148  0.000000 -0.072540  0.000000 -0.431891  0.000000 ) 
 ( -0.049148  0.000000  0.072540 -0.000000  0.431891  0.000000 ) 
     freq (   15) =      14.420692 [THz] =     481.022496 [cm-1]
 (  0.000000 -0.000000 -0.000000  0.000000 -0.000000  0.000000 ) 
 (  0.290862 -0.000000  0.262503  0.000000  0.028358 -0.000000 ) 
 ( -0.290862  0.000000 -0.262503  0.000000 -0.028358  0.000000 ) 
 (  0.126003 -0.000000 -0.354860  0.000000  0.026018 -0.000000 ) 
 ( -0.126003  0.000000  0.354860  0.000000 -0.026018  0.000000 ) 
 ( -0.393196  0.000000  0.111146  0.000000 -0.000360  0.000000 ) 
 (  0.393196 -0.000000 -0.111146  0.000000  0.000360  0.000000 ) 
 (  0.137164 -0.000000  0.126363  0.000000 -0.038336  0.000000 ) 
 ( -0.137164  0.000000 -0.126363  0.000000  0.038336 -0.000000 ) 
     freq (   16) =      25.063677 [THz] =     836.034281 [cm-1]
 ( -0.000000  0.000000  0.000000 -0.000000  0.000000 -0.000000 ) 
 (  0.050618 -0.000000 -0.066297  0.000000  0.116915 -0.000000 ) 
 ( -0.050618  0.000000  0.066297  0.000000 -0.116915  0.000000 ) 
 ( -0.020655  0.000000 -0.255683  0.000000 -0.230316  0.000000 ) 
 (  0.020655 -0.000000  0.255683  0.000000  0.230316  0.000000 ) 
 (  0.195217 -0.000000  0.057190  0.000000 -0.217268  0.000000 ) 
 ( -0.195217  0.000000 -0.057190  0.000000  0.217268 -0.000000 ) 
 ( -0.173127  0.000000  0.196614  0.000000  0.450901 -0.000000 ) 
 (  0.173127 -0.000000 -0.196614  0.000000 -0.450901  0.000000 ) 
     freq (   17) =      25.063677 [THz] =     836.034281 [cm-1]
 (  0.000000  0.000000  0.000000  0.000000 -0.000000  0.000000 ) 
 ( -0.105778  0.000000 -0.096726  0.000000 -0.009052  0.000000 ) 
 (  0.105778  0.000000  0.096726 -0.000000  0.009052  0.000000 ) 
 (  0.238955  0.000000 -0.373036  0.000000 -0.066936  0.000000 ) 
 ( -0.238955  0.000000  0.373036 -0.000000  0.066936 -0.000000 ) 
 ( -0.407946  0.000000  0.232928 -0.000000  0.101590  0.000000 ) 
 (  0.407946  0.000000 -0.232928  0.000000 -0.101590  0.000000 ) 
 (  0.165992  0.000000  0.137365 -0.000000 -0.034910  0.000000 ) 
 ( -0.165992  0.000000 -0.137365  0.000000  0.034910  0.000000 ) 
     freq (   18) =      30.858055 [THz] =    1029.313913 [cm-1]
 (  0.014868  0.000000 -0.014868  0.000000 -0.014868  0.000000 ) 
 (  0.014686  0.000000 -0.014686  0.000000 -0.014686  0.000000 ) 
 (  0.014686  0.000000 -0.014686  0.000000 -0.014686  0.000000 ) 
 ( -0.091891  0.000000  0.386591  0.000000  0.091891  0.000000 ) 
 ( -0.091891  0.000000  0.386591  0.000000  0.091891  0.000000 ) 
 ( -0.386591  0.000000  0.091891  0.000000  0.091891  0.000000 ) 
 ( -0.386591  0.000000  0.091891  0.000000  0.091891  0.000000 ) 
 ( -0.091891  0.000000  0.091891  0.000000  0.386591  0.000000 ) 
 ( -0.091891  0.000000  0.091891  0.000000  0.386591  0.000000 ) 
     freq (   19) =      34.296370 [THz] =    1144.003746 [cm-1]
 ( -0.009906  0.000000 -0.018178  0.000000  0.008272  0.000000 ) 
 (  0.072065  0.000000  0.132242  0.000000 -0.060177  0.000000 ) 
 (  0.072065  0.000000  0.132242  0.000000 -0.060177  0.000000 ) 
 (  0.155078  0.000000 -0.516488  0.000000 -0.153699  0.000000 ) 
 (  0.155078  0.000000 -0.516488  0.000000 -0.153699  0.000000 ) 
 ( -0.281459  0.000000  0.095297  0.000000  0.072970  0.000000 ) 
 ( -0.281459  0.000000  0.095297  0.000000  0.072970  0.000000 ) 
 ( -0.058402  0.000000  0.082108  0.000000  0.235029  0.000000 ) 
 ( -0.058402  0.000000  0.082108  0.000000  0.235029  0.000000 ) 
     freq (   20) =      34.296370 [THz] =    1144.003746 [cm-1]
 (  0.015271  0.000000 -0.000943  0.000000  0.016214  0.000000 ) 
 ( -0.111094  0.000000  0.006864  0.000000 -0.117957  0.000000 ) 
 ( -0.111094  0.000000  0.006864  0.000000 -0.117957  0.000000 ) 
 ( -0.005276  0.000000 -0.026807  0.000000 -0.021302  0.000000 ) 
 ( -0.005276  0.000000 -0.026807  0.000000 -0.021302  0.000000 ) 
 (  0.433888  0.000000 -0.122456  0.000000 -0.136940  0.000000 ) 
 (  0.433888  0.000000 -0.122456  0.000000 -0.136940  0.000000 ) 
 ( -0.143758  0.000000  0.131664  0.000000  0.460695  0.000000 ) 
 ( -0.143758  0.000000  0.131664  0.000000  0.460695  0.000000 ) 
     freq (   21) =      35.129602 [THz] =    1171.797406 [cm-1]
 (  0.000000  0.000000  0.000000  0.000000 -0.000000  0.000000 ) 
 (  0.050652  0.000000 -0.050652  0.000000 -0.050652  0.000000 ) 
 ( -0.050652  0.000000  0.050652  0.000000  0.050652  0.000000 ) 
 ( -0.113865  0.000000  0.371713  0.000000  0.113865  0.000000 ) 
 (  0.113865  0.000000 -0.371713  0.000000 -0.113865  0.000000 ) 
 ( -0.371713  0.000000  0.113865  0.000000  0.113865  0.000000 ) 
 (  0.371713  0.000000 -0.113865  0.000000 -0.113865  0.000000 ) 
 ( -0.113865  0.000000  0.113865  0.000000  0.371713  0.000000 ) 
 (  0.113865  0.000000 -0.113865  0.000000 -0.371713  0.000000 ) 
     freq (   22) =      75.174532 [THz] =    2507.552478 [cm-1]
 ( -0.000000  0.000000 -0.000000  0.000000  0.000000  0.000000 ) 
 (  0.024138  0.000000  0.025548  0.000000 -0.001410  0.000000 ) 
 ( -0.024138  0.000000 -0.025548  0.000000  0.001410  0.000000 ) 
 (  0.328311  0.000000  0.224732  0.000000 -0.323695  0.000000 ) 
 ( -0.328311  0.000000 -0.224732  0.000000  0.323695  0.000000 ) 
 (  0.212328  0.000000  0.310748  0.000000  0.305273  0.000000 ) 
 ( -0.212328  0.000000 -0.310748  0.000000 -0.305273  0.000000 ) 
 ( -0.012947  0.000000  0.023038  0.000000 -0.012403  0.000000 ) 
 (  0.012947  0.000000 -0.023038  0.000000  0.012403  0.000000 ) 
     freq (   23) =      75.174532 [THz] =    2507.552478 [cm-1]
 (  0.000000  0.000000 -0.000000  0.000000  0.000000  0.000000 ) 
 (  0.015564  0.000000 -0.013122  0.000000  0.028686  0.000000 ) 
 ( -0.015564  0.000000  0.013122  0.000000 -0.028686  0.000000 ) 
 ( -0.162949  0.000000 -0.115427  0.000000  0.171935  0.000000 ) 
 (  0.162949  0.000000  0.115427  0.000000 -0.171935  0.000000 ) 
 (  0.136910  0.000000  0.194361  0.000000  0.202851  0.000000 ) 
 ( -0.136910  0.000000 -0.194361  0.000000 -0.202851  0.000000 ) 
 (  0.366296  0.000000 -0.365800  0.000000  0.252337  0.000000 ) 
 ( -0.366296  0.000000  0.365800  0.000000 -0.252337  0.000000 ) 
     freq (   24) =      79.142192 [THz] =    2639.899373 [cm-1]
 (  0.008239  0.000000 -0.004695  0.000000  0.012934  0.000000 ) 
 (  0.015613  0.000000 -0.008896  0.000000  0.024509  0.000000 ) 
 (  0.015613  0.000000 -0.008896  0.000000  0.024509  0.000000 ) 
 (  0.136333  0.000000  0.071547  0.000000 -0.138011  0.000000 ) 
 (  0.136333  0.000000  0.071547  0.000000 -0.138011  0.000000 ) 
 ( -0.125572  0.000000 -0.240051  0.000000 -0.241448  0.000000 ) 
 ( -0.125572  0.000000 -0.240051  0.000000 -0.241448  0.000000 ) 
 ( -0.378062  0.000000  0.377781  0.000000 -0.197119  0.000000 ) 
 ( -0.378062  0.000000  0.377781  0.000000 -0.197119  0.000000 ) 
     freq (   25) =      79.142192 [THz] =    2639.899373 [cm-1]
 ( -0.010178  0.000000 -0.012224  0.000000  0.002047  0.000000 ) 
 ( -0.019287  0.000000 -0.023165  0.000000  0.003878  0.000000 ) 
 ( -0.019287  0.000000 -0.023165  0.000000  0.003878  0.000000 ) 
 (  0.357512  0.000000  0.186306  0.000000 -0.356868  0.000000 ) 
 (  0.357512  0.000000  0.186306  0.000000 -0.356868  0.000000 ) 
 (  0.155115  0.000000  0.297955  0.000000  0.296824  0.000000 ) 
 (  0.155115  0.000000  0.297955  0.000000  0.296824  0.000000 ) 
 ( -0.058913  0.000000  0.060688  0.000000 -0.031191  0.000000 ) 
 ( -0.058913  0.000000  0.060688  0.000000 -0.031191  0.000000 ) 
     freq (   26) =      79.901372 [THz] =    2665.222897 [cm-1]
 ( -0.012623  0.000000  0.012623  0.000000  0.012623  0.000000 ) 
 (  0.000195  0.000000 -0.000195  0.000000 -0.000195  0.000000 ) 
 (  0.000195  0.000000 -0.000195  0.000000 -0.000195  0.000000 ) 
 (  0.270135  0.000000  0.143672  0.000000 -0.270135  0.000000 ) 
 (  0.270135  0.000000  0.143672  0.000000 -0.270135  0.000000 ) 
 ( -0.143672  0.000000 -0.270135  0.000000 -0.270135  0.000000 ) 
 ( -0.143672  0.000000 -0.270135  0.000000 -0.270135  0.000000 ) 
 (  0.270135  0.000000 -0.270135  0.000000  0.143672  0.000000 ) 
 (  0.270135  0.000000 -0.270135  0.000000  0.143672  0.000000 ) 
     freq (   27) =      83.301505 [THz] =    2778.639102 [cm-1]
 ( -0.000000  0.000000  0.000000  0.000000 -0.000000  0.000000 ) 
 ( -0.001587  0.000000  0.001587  0.000000  0.001587  0.000000 ) 
 (  0.001587  0.000000 -0.001587  0.000000 -0.001587  0.000000 ) 
 ( -0.265268  0.000000 -0.161028  0.000000  0.265268  0.000000 ) 
 (  0.265268  0.000000  0.161028  0.000000 -0.265268  0.000000 ) 
 (  0.161028  0.000000  0.265268  0.000000  0.265268  0.000000 ) 
 ( -0.161028  0.000000 -0.265268  0.000000 -0.265268  0.000000 ) 
 ( -0.265268  0.000000  0.265268  0.000000 -0.161028  0.000000 ) 
 (  0.265268  0.000000 -0.265268  0.000000  0.161028  0.000000 ) 
 **************************************************************************
